7321 4743 1977 4743
-7133 5560 2542 7423
6679 -7699 9526 -9045
-4659 -6169 3858 7648
9129 1804 9129 1804
-6099 -4770 -5931 9072
-9314 -6746 -9314 -7775
-921 -1788 -921 -4502
8877 1874 8877 6463
1339 3054 -1022 3054
-3355 3220 -3355 3220
-6387 1590 -6387 1590
-445 5813 9388 -7542
9010 -7064 2349 1947
-2063 -7884 -2063 -3234
3948 9640 3948 3656
8770 1310 -8909 8482
-9092 2077 -5503 2077
-2582 3805 -3094 -2326
-1800 -2635 -1800 2930
-404 9589 -404 9589
-3102 3077 -1250 7806
4822 5715 8600 720
8404 -2001 8404 -9922
2855 6025 -4953 2054
6916 -7093 6916 -7093
9349 -2821 9349 -2821
9443 2832 -9930 557
-8037 -2865 -8037 -2865
-2822 -558 -2822 4857
-3249 9376 -3249 9376
375 722 375 7371
4067 8694 5920 -3165
4538 -420 4538 -4114
6261 3020 -7036 -2739
4864 -225 5635 -225
422 3396 422 -8790
4290 5578 -1149 2889
-169 -874 -169 5868
-1739 7084 -2562 -4715